0,7
12,18
26,37
50,57
7,16
15,21
38,46
14,19
20,30
0,10
35,47
60,65
0,5
50,57
0,6
37,44
27,33
34,39
55,65
33,35
33,35
33,35
41,48
4,15
30,36
0,10
49,55
56,61
65,73
0,7
8,15
29,36
37,45
0,7
17,24
15,18
15,18
24,29
25,37
38,44
0,6
7,12
39,46
47,54
0,7
8,15
25,33
54,59
0,8
9,16
17,25
60,66
71,75
70,80
0,5
39,45
46,51
0,7
23,30
0,6
7,12
19,24
0,7
16,21
22,34
0,7
8,15
30,37
41,48
49,54
55,61
0,7
8,15
37,47
76,82
83,88
7,12
20,27
29,38
56,64
40,46
0,5
15,24
50,62
0,5
13,23
43,47
11,18
19,27
52,62
0,6
7,13
60,67
68,75
28,32
54,66
12,24
0,7
8,15
0,5
23,34
23,34
55,62
69,74
10,17
28,37
28,34
35,40
10,17
22,28
32,40
0,9
10,15
60,69
37,45
46,51
60,69
4,11
51,60
8,14
19,24
25,28
25,28
20,26
27,34
0,7
8,16
34,40
41,47
0,8
17,26
0,6
7,12
0,5
0,6
55,60
64,74
0,7
8,19
3,10
16,28
7,19
20,24
45,50
0,6
7,12
0,5
11,22
51,56
3,11
3,11
39,51
0,6
7,12
13,20
0,5
10,19
50,56
73,81
82,88
64,70
0,5
65,74
64,73
73,78
4,9
8,13
0,6
7,12
13,18
50,56
50,56
20,27
19,26
68,74
0,7
59,67
25,31
32,39
36,45
68,79
71,75
0,7
21,28
36,39
4,9
0,6
7,12
18,24
29,36
47,53
0,5
38,50
0,9
13,20
31,33
34,40
48,56
0,7
36,43
52,58
18,20
0,6
34,45
34,45
20,25
45,50
56,61
14,18
30,36
35,42
43,52
53,59
0,7
52,59
0,5
11,16
0,7
14,21
0,8
4,8
33,36
40,47
12,19
0,5
21,31
55,61
19,22
0,5
22,33
22,33
0,7
8,15
5,10
56,65
18,25
0,5
21,24
21,24
39,47
43,50
26,31
36,43
5,11
12,17
0,7
0,6
7,14
65,72
8,18
46,51
52,60
14,20
21,31
67,72
51,56
61,68
7,14
18,23
43,45
32,40
70,80
0,5
18,30
43,54
43,54
23,30
68,71
68,71
31,36
59,70
61,66
60,68
7,16
23,31
55,62
0,7
40,50
0,7
10,16
17,22
23,31
39,42
49,60
6,10
46,54
26,33
49,55
32,37
43,48
37,43
30,33
0,6
46,57
46,57
0,7
24,27
24,27
56,67
56,67
4,11
12,19
21,24
21,24
21,24
21,24
38,42
55,65
0,6
7,12
35,40
63,71
63,71
0,7
47,58
47,58
6,14
0,5
13,17
21,26
0,5
17,28
62,73
62,73
68,77
0,5
21,31
58,61
0,5
61,70
26,39
49,55
0,5
50,56
50,56
50,56
38,45
14,19
15,23
37,43
0,6
7,12
49,60
49,60
0,8
48,53
13,22
26,33
0,7
25,33
13,18
4,17
4,17
18,30
0,5
37,47
49,54
0,5
48,54
0,6
85,94
8,13
0,7
8,15
55,64
5,13
59,64
0,7
65,73
21,26
37,43
0,7
8,15
0,7
8,19
20,31
20,31
47,57
51,63
42,48
49,54
0,5
35,42
29,35
17,29
30,39
44,53
64,70
71,76
9,13
19,25
26,29
26,29
53,61
7,12
22,37
54,57
0,5
54,61
0,7
43,53
65,68
65,68
0,7
8,15
69,77
53,65
66,71
7,16
17,20
50,58
0,7
8,16
31,39
40,43
40,43
0,7
16,25
15,20
0,5
14,21
43,45
43,45
43,45
31,37
0,7
30,38
24,29
47,59
0,5
36,45
36,43
0,5
16,21
0,11
32,39
0,8
68,74
0,7
8,16
31,37
38,45
46,52
38,51
38,51
12,21
41,46
35,44
49,53
71,76
21,27
47,52
65,70
37,46
76,79
0,5
30,36
30,36
40,47
0,5
36,43
57,63
57,63
0,5
44,52
53,64
0,5
29,36
8,13
0,7
24,29
53,62
4,10
11,16
48,54
51,54
51,54
51,54
51,54
79,83
0,6
7,12
33,46
0,7
12,17
64,69
64,69
12,18
14,17
0,8
42,51
29,37
0,6
7,13
21,28
51,57
0,7
8,15
68,73
0,7
8,17
46,55
71,74
61,66
0,6
7,12
55,60
55,60
11,18
37,45
75,81
0,9
18,22
35,40
0,8
53,65
66,74
0,5
5,11
12,19
0,7
8,15
0,5
6,15
27,33
34,41
32,44
45,49
30,37
21,26
8,16
25,31
7,16
0,5
14,24
28,37
9,12
9,12
18,28
0,6
7,12
0,7
32,38
57,60
0,5
26,34
39,43
47,55
56,62
56,62
20,26
27,33
27,34
35,44
73,79
80,85
0,5
72,77
0,9
18,28
57,67
0,6
7,16
46,49
36,42
43,48
0,5
13,18
67,74
24,30
41,44
57,71
35,42
43,50
17,21
9,14
0,6
7,12
13,19
45,50
0,6
7,12
33,39
40,45
0,7
26,34
55,59
0,5
32,39
40,51
40,51
68,75
39,45
39,45
39,45
62,67
0,5
29,37
38,41
38,41
65,68
65,68
65,68
65,68
41,46
31,36
62,69
0,7
8,16
5,11
5,11
5,11
21,27
68,74
4,13
0,6
7,14
15,22
15,22
32,39
40,50
62,67
9,16
50,55
56,63
64,71
37,39
20,27
55,67
39,46
39,46
0,6
7,12
0,7
8,16
17,24
3,8
20,23
20,23
38,47
0,6
13,18
33,41
9,21
0,5
3,9
32,38
56,66
67,74
42,51
29,34
60,65
0,7
44,50
35,40
6,18
38,47
21,33
70,75
0,7
8,16
0,6
27,36
25,30
25,30
53,58
8,15
0,6
7,12
54,61
0,5
17,21
30,35
46,51
0,5
56,62
28,40
49,56
16,24
16,24
36,41
46,53
20,26
27,33
25,38
25,38
65,75
50,56
50,56
5,10
73,78
0,5
38,43
5,10
11,16
14,20
36,41
54,63
0,9
10,16
30,33
30,33
30,33
30,33
0,7
12,19
20,25
26,38
59,70
0,7
25,30
19,26
27,34
0,7
50,55
0,8
25,30
49,61
24,30
31,36
18,27
67,75
0,7
18,23
7,14
37,40
37,40
48,60
61,70
50,55
56,68
4,9
39,51
24,29
43,52
31,43
49,53
15,21
15,21
48,60
8,15
20,25
45,50
39,47
63,68
69,79
0,5
0,5
26,33
34,41
18,23
28,35
22,31
50,59
0,8
39,42
0,6
7,12
68,78
63,71
0,12
30,37
48,61
48,61
7,13
14,25
26,34
7,10
11,18
37,42
18,23
36,43
49,56
59,64
0,5
23,30
49,54
55,67
19,29
60,71
11,17
18,23
31,37
0,7
10,16
25,30
68,75
12,16
41,49
0,7
15,20
37,42
28,40
49,54
0,7
8,15
0,7
8,15
36,41
45,48
45,48
45,48
45,48
64,69
72,79
0,12
32,37
42,51
26,39
26,39
0,7
35,40
68,73
0,6
7,12
0,7
10,16
42,47
48,60
0,8
20,27
40,48
40,48
40,48
56,68
0,7
37,42
43,55
68,75
0,6
7,12
21,27
28,33
48,56
0,6
7,12
22,27
36,49
12,19
41,53
54,63
0,5
41,48
29,32
29,32
12,20
42,47
52,57
62,69
36,47
66,74
21,29
47,53
69,76
45,50
0,5
32,38
0,5
0,5
21,28
29,39
49,52
49,52
49,52
49,52
26,30
21,31
32,38
39,44
48,54
55,61
35,41
42,48
35,41
68,79
0,7
8,15
56,61
0,7
61,70
0,5
13,16
13,16
13,16
13,16
5,12
0,5
47,55
0,7
18,23
24,29
36,42
51,59
63,72
66,73
9,15
16,21
9,15
26,31
12,18
0,5
17,22
36,42
43,48
0,7
39,44
0,6
7,12
44,47
44,47
12,19
0,8
16,23
30,39
0,7
8,15
22,27
11,16
17,27
28,33
0,5
14,17
14,17
39,46
17,24
36,43
13,19
20,25
4,14
15,20
15,20
32,39
40,47
0,5
21,29
61,68
56,64
43,48
16,25
0,5
19,29
54,57
54,57
22,27
30,37
15,21
0,6
7,12
0,5
25,32
42,49
0,5
20,26
35,44
9,15
37,45
26,32
53,66
56,64
65,69
37,40
37,40
54,60
54,60
0,7
42,45
50,54
55,60
19,22
44,50
16,22
16,22
47,51
59,63
7,24
59,65
66,71
35,42
34,45
54,64
65,72
0,7
18,23
14,21
47,50
65,73
46,54
58,64
0,7
8,15
24,29
43,54
22,39
47,64
0,6
18,22
15,20
21,28
5,7
5,7
5,7
42,50
42,50
42,50
58,75
59,64
25,32
24,41
0,5
0,7
52,57
35,40
56,64
8,17
64,73
39,46
0,5
16,22
0,5
58,66
27,33
40,48
3,10
30,34
15,23
38,45
46,51
6,11
0,6
7,12
0,7
26,33
43,50
51,53
0,7
28,33
0,6
7,12
52,62
0,8
16,21
35,41
42,47
0,5
52,62
22,28
65,73
0,6
7,12
23,32
36,39
36,39
61,72
15,21
65,73
51,56
23,28
67,72
67,72
19,26
45,50
45,50
37,46
4,13
56,65
0,6
7,14
0,7
34,40
41,46
6,13
65,75
0,6
7,12
48,54
13,20
21,30
40,45
50,57
17,34
35,39
46,52
53,58
34,38
42,48
49,54
16,22
23,28
49,58
20,31
32,43
56,62
63,68
57,62
0,5
36,43
53,60
13,18
36,39
64,69
40,51
57,62
48,53
43,45
0,6
7,12
31,38
39,46
57,69
36,41
0,5
8,16
36,48
25,37
46,53
68,73
68,73
10,22
62,67
19,26
27,34
39,45
46,53
20,27
20,26
27,34
39,44
74,77
0,7
10,16
49,61
0,6
7,12
25,33
34,39
34,39
54,61
0,7
8,15
44,49
74,79
10,17
43,50
69,78
0,5
11,16
30,40
39,43
55,62
28,35
53,63
44,52
18,24
25,30
41,48
0,11
23,28
20,22
20,22
20,22
55,63
71,79
6,12
13,18
31,38
39,46
62,71
0,5
22,31
44,54
0,7
8,15
0,7
8,15
14,21
22,29
34,40
41,46
0,5
29,34
62,66
9,14
44,49
52,59
8,13
8,13
21,26
10,13
10,13
58,62
4,11
37,41
47,52
0,6
7,12
56,64
18,24
28,39
57,62
36,48
0,10
62,67
13,18
27,30
39,50
0,5
14,21
50,62
63,72
0,5
31,42
24,33
34,39
54,61
17,29
0,6
7,14
34,40
56,61
56,61
0,7
32,40
0,5
49,58
59,70
64,72
0,5
14,25
29,39
40,46
0,5
13,19
56,63
17,23
24,31
32,39
3,8
26,33
0,6
7,12
26,29
51,57
66,77
0,5
37,43
55,66
26,33
45,50
35,43
0,5
16,22
0,7
19,29
0,5
21,26
9,14
30,35
51,58
0,6
7,14
15,23
28,37
55,65
66,71
0,6
7,12
0,5
49,52
49,52
9,14
35,43
45,52
27,35
34,40
9,14
25,31
32,39
0,6
7,12
18,24
13,22
13,22
66,71
72,77
0,5
35,45
11,17
18,29
30,35
30,35
59,62
9,13
0,7
33,40
0,8
25,31
67,72
45,50
0,5
30,36
2,5
32,40
13,23
27,33
34,39
0,5
40,46
58,69
0,5
24,32
40,47
0,6
7,12
62,71
72,77
42,50
45,55
0,7
8,11
8,11
23,44
67,72
40,45
62,74
33,41
67,72
0,5
19,26
27,32
59,69
0,5
4,7
4,7
43,50
51,59
51,57
58,63
34,43
0,11
12,17
25,33
37,42
45,53
0,7
8,14
37,40
57,67
42,50
0,5
12,19
29,37
15,20
0,7
12,17
28,32
17,24
32,40
48,57
6,18
32,39
60,68
22,29
30,38
0,6
7,14
20,27
43,47
59,67
23,29
30,37
8,13
4,10
11,18
28,33
28,33
38,45
50,55
64,73
47,52
3,11
38,43
20,30
0,6
7,13
7,14
62,69
70,77
16,22
34,46
56,65
66,71
46,54
0,5
10,17
0,7
29,42
21,28
44,47
44,47
73,81
0,5
10,17
41,53
40,48
49,54
70,79
17,24
25,33
34,45
0,5
20,26
0,5
23,29
0,5
0,5
16,22
23,30
48,58
58,65
0,6
7,12
36,44
0,17
18,23
66,72
57,66
6,11
20,26
27,32
36,42
21,33
42,47
51,59
60,68
0,6
7,12
64,72
21,26
44,52
63,70
0,7
8,15
40,49
10,22
19,26
27,34
39,45
46,53
45,57
14,26
60,67
7,14
15,20
29,36
27,39
14,21
39,50
58,63
43,50
28,37
69,78
20,25
5,10
45,50
21,27
28,33
58,67
8,17
18,23
9,14
60,68
40,49
0,6
7,12
31,38
7,18
46,51
65,72
46,55
0,5
6,10
45,48
49,52
49,52
55,62
30,35
47,58
6,11
27,35
50,58
59,67
12,18
8,12
0,8
16,21
37,43
0,5
64,70
13,22
45,51
0,7
8,17
65,77
0,7
14,24
37,42
33,38
42,48
49,54
55,61
31,36
56,61
0,7
8,15
43,49
50,55
18,21
16,25
36,41
44,52
70,80
24,29
33,39
47,52
66,70
9,21
23,27
28,33
28,33
28,35
36,43
44,51
63,68
54,60
72,77
0,5
25,33
44,51
7,15
16,21
16,21
5,8
18,24
0,5
10,17
24,29
22,29
30,37
85,91
64,71
72,79
27,38
42,51
55,66
29,32
58,63
5,11
40,45
40,45
22,30
46,48
46,48
46,48
41,47
48,55
27,36
0,7
8,15
35,41
42,47
25,31
44,49
53,61
27,37
58,63
66,73
44,48
27,32
23,30
35,41
42,47
53,58
0,6
7,12
71,76
71,76
11,19
68,77
0,7
8,15
5,10
10,16
0,6
7,12
54,61
18,23
63,68
35,42
43,50
14,20
21,28
37,43
27,34
0,7
8,15
43,52
0,5
12,17
50,58
21,26
21,26
58,63
43,54
36,42
20,25
30,37
20,28
26,32
43,45
43,45
43,45
8,17
50,56
57,62
45,51
45,51
26,32
43,45
43,45
43,45
47,59
60,68
3,9
10,15
32,37
0,6
19,29
24,32
36,43
44,51
52,56
10,18
33,40
16,22
23,28
66,71
0,7
8,17
29,35
39,41
0,5
73,78
29,41
42,52
0,9
20,25
20,30
40,44
3,10
31,35
34,39
19,25
31,39
43,48
53,60
0,5
32,35
32,35
21,26
21,26
29,36
37,44
9,14
23,30
36,42
59,67
0,10
59,65
21,27
28,35
42,45
59,65
69,77
13,22
46,55
13,18
55,62
0,7
8,15
37,49
50,54
67,70
67,70
5,10
75,82
56,68
69,77
13,19
20,32
33,41
4,9
0,7
8,15
0,5
12,19
31,38
64,69
67,72
39,48
0,6
23,29
30,35
20,26
27,34
43,56
15,20
68,72
49,55
0,6
7,14
9,15
16,21
46,54
46,54
0,9
31,36
56,63
5,11
6,11
6,11
44,51
8,17
11,16
21,28
54,59
19,24
25,28
25,28
49,58
33,42
5,12
13,20
21,25
30,38
57,59
57,59
57,59
0,7
36,41
50,53
50,53
27,37
37,44
8,15
8,15
16,23
75,85
86,89
86,89
0,7
41,47
48,53
24,33
0,8
56,63
66,71
9,17
0,6
7,12
47,56
11,17
36,43
0,7
8,15
56,62
26,32
33,39
43,50
16,23
24,33
4,11
12,19
0,7
30,35
46,58
46,58
50,57
7,10
7,10
7,10
7,10
0,11
17,24
67,75
18,25
19,24
54,58
8,13
14,18
24,30
24,30
36,40
44,53
44,53
26,35
0,6
7,12
19,24
41,46
50,58
18,26
0,9
35,40
71,79
0,7
8,15
61,68
69,75
21,25
0,10
11,19
27,32
37,44
0,9
33,42
0,9
68,76
13,20
21,28
49,61
27,36
45,52
0,5
63,70
17,25
45,52
53,60
83,92
11,19
73,79
80,85
0,7
12,19
12,17
8,13
8,13
43,50
12,20
71,80
37,42
48,58
48,58
60,69
3,13
12,19
39,45
12,17
72,75
31,36
81,85
4,9
4,9
21,28
29,36
52,57
52,57
23,28
63,71
32,40
39,47
0,5
15,20
24,30
61,63
64,70
24,29
0,7
23,26
23,26
0,5
10,17
47,55
3,9
10,15
18,23
0,6
4,11
41,50
42,52
56,63
67,73
0,6
15,20
12,20
21,25
28,36
48,56
54,66
67,75
11,16
17,26
51,59
0,9
28,33
3,11
54,61
65,70
29,37
38,47
7,13
18,25
3,12
13,18
25,32
13,18
0,6
7,13
14,21
22,29
21,30
0,5
29,36
41,48
67,72
47,52
57,64
0,7
8,15
24,28
47,55
14,20
37,44
26,31
0,5
18,24
25,30
34,40
4,10
11,16
33,43
44,49
11,19
43,48
9,15
55,64
69,75
5,11
26,34
35,41
35,41
54,62
17,25
67,72
28,34
35,40
28,31
11,20
0,5
53,65
27,33
34,39
60,67
39,46
47,54
68,73
68,73
31,43
10,21
60,66
67,72
72,78
0,6
7,12
0,7
8,15
34,40
41,46
50,60
0,6
7,12
22,31
35,42
43,48
13,19
20,28
32,40
49,58
47,54
15,23
65,74
0,11
21,29
22,28
29,34
39,48
40,49
0,5
8,15
54,62
0,7
11,17
25,28
25,28
25,28
25,28
55,62
3,15
16,25
28,35
62,70
0,7
8,15
16,23
0,6
7,12
23,36
61,69
28,37
60,69
73,80
12,18
19,24
34,43
42,49
62,70
18,26
10,19
17,25
0,7
54,61
0,8
9,14
27,34
27,34
35,41
67,76
11,17
65,76
5,13
53,60
19,26
31,36
5,14
8,13
17,24
37,46
69,71
69,71
69,71
25,32
65,70
13,24
47,50
57,65
44,51
65,70
9,15
16,21
0,9
10,15
14,21
3,11
52,64
65,70
51,57
58,63
33,38
61,66
27,32
27,32
53,63
72,80
44,54
27,38
37,39
37,39
37,39
45,52
31,36
27,39
0,7
8,15
20,26
27,32
16,22
23,28
29,39
7,12
7,12
62,69
5,13
20,25
42,54
29,35
46,58
59,68
0,7
8,15
55,60
64,72
47,56
13,21
0,6
7,12
0,8
32,39
44,49
26,34
3,12
5,13
60,65
37,46
57,72
0,6
7,12
42,49
0,7
8,15
59,67
50,55
26,35
76,81
38,50
